image: ucar_ws/src/ucar_nav/maps/iflytek_001.pgm
resolution: 0.010000
origin: [-14.120000, -13.480000, 0.000000]
negate: 0
occupied_thresh: 0.65
free_thresh: 0.196

