image: /home/ucar/ucar_ws/src/ucar_nav/maps/iflytek_003.pgm
resolution: 0.100000
origin: [-13.800000, -17.000000, 0.000000]
negate: 0
occupied_thresh: 0.65
free_thresh: 0.196

